1;0.999993439;0.99456795;0.993891575;0.941635652;0.994361307;0.936525977;0.986802644;0.990654505;0.941876922;0.941859777;0.998883023;0.941453795;0.939494319;0.941895497;0.966980916;0.977319293;0.999993439;0.992893693;0.992899185;0.936685956;0.936210312;0.939395187;0.939385943;0.990414228;0.943434208;0.941848894;0.940908103;0.941370811;0.941843571;0.994556007;0.936500882;0.991380747;0.940895059;0.940915972;0.941011452;0.943671898;0.941863999;0.941345974;0.94144586;0.987889382;0.987889382;0.988994307;0.992893857;0.994024777;0.995498949;0.936736461;0.994563341;0.992893857;0.986735176;0.941623851;0.941623851;0.991189587;0.943813254;0.943855296;0.943813254;0.991876956;0.983203669;0.992904713;0.941635652;0.941635652;0.941450385;0.939505773;0.939530078;0.939505773;0.934685251;0.994554096;0.992919852;0.992498286;0.994549701;0.936496029;0.936754405;0.989857641;0.941457096;0.941349303;0.991248608;0.942845402;0.991245491;0.992535099;0.994509799;0.991363212;0.992919852;0.988017795;0.9336047;0.936525018;0.989756379;0.990645338;0.999993439;0.993572146;0.998689563
0.999993439;1;0.994574511;0.993898137;0.941642213;0.994367868;0.936532538;0.986809206;0.990661067;0.941883483;0.941866338;0.998889584;0.941460356;0.939487758;0.941902059;0.966987477;0.977325854;1;0.992900255;0.992905746;0.936692517;0.936216873;0.939401749;0.939392504;0.990420789;0.94344077;0.941855455;0.940914665;0.941377372;0.941850132;0.994562568;0.936507444;0.991387309;0.94090162;0.940922534;0.941018014;0.943678459;0.94187056;0.941352536;0.941452421;0.987895944;0.987895944;0.989000868;0.992900418;0.994031338;0.995505511;0.936743022;0.994569902;0.992900418;0.986741737;0.941630412;0.941630412;0.991196149;0.943819815;0.943861858;0.943819815;0.991883517;0.98321023;0.992911274;0.941642213;0.941642213;0.941456946;0.939512335;0.93953664;0.939512335;0.934691813;0.994560657;0.992926413;0.992504847;0.994556262;0.93650259;0.936760966;0.989864203;0.941463657;0.941355864;0.991255169;0.942851964;0.991238929;0.99254166;0.99451636;0.991369774;0.992926413;0.988024357;0.933611261;0.936531579;0.98976294;0.9906519;1;0.993578707;0.998696124
0.99456795;0.994574511;1;0.995819253;0.939993635;0.990904625;0.935531296;0.985120172;0.991461408;0.940197401;0.940180257;0.995673944;0.940178839;0.938210536;0.940215977;0.966861227;0.976483178;0.994574511;0.995063483;0.995068975;0.935691744;0.935235761;0.938051499;0.938042255;0.986996139;0.941800168;0.940169373;0.939480258;0.940072469;0.94016405;0.999969772;0.935506202;0.989726124;0.939467213;0.939488127;0.939339475;0.942370664;0.940184478;0.940028684;0.940170904;0.988290301;0.988290301;0.987185376;0.995085359;0.993984717;0.998749189;0.935742249;0.999977106;0.995085359;0.985474341;0.939981834;0.939981834;0.990654444;0.942179214;0.942221256;0.942179214;0.992991993;0.981510268;0.995074503;0.939993635;0.939993635;0.93973226;0.938235112;0.938259417;0.938235112;0.9331408;0.999967862;0.995089642;0.994668076;0.999963467;0.935501348;0.935760193;0.987365081;0.940080463;0.939963984;0.991274101;0.942431134;0.991257861;0.994704888;0.999923564;0.990495262;0.995089642;0.988085907;0.932567158;0.935530337;0.990705837;0.991452241;0.994574511;0.990115463;0.995813291
0.993891575;0.993898137;0.995819253;1;0.939163756;0.989787922;0.934892516;0.983559349;0.989886744;0.939427028;0.939409884;0.99499757;0.939423442;0.937363908;0.939445604;0.965770224;0.975831866;0.993898137;0.991450212;0.991455703;0.935052161;0.934552586;0.937382987;0.937373742;0.985840843;0.941005872;0.939399;0.938773479;0.939341662;0.939393677;0.995834813;0.934867421;0.987444194;0.938760434;0.938781348;0.938499734;0.941576368;0.939414106;0.939234718;0.939415507;0.987705798;0.987705798;0.986600873;0.991450375;0.990371446;0.99488131;0.935102666;0.995842147;0.991450375;0.98437164;0.939151955;0.939151955;0.990410396;0.941384918;0.94142696;0.941384918;0.990747358;0.979960374;0.991461231;0.939163756;0.939163756;0.939001495;0.937388485;0.937412789;0.937388485;0.932566503;0.995832902;0.99147637;0.991054804;0.995828507;0.934862568;0.93512061;0.985549009;0.939273963;0.93923322;0.989855669;0.941986701;0.989839429;0.991091617;0.995788605;0.990251214;0.99147637;0.987501404;0.931928377;0.934891556;0.989779673;0.989877577;0.993898137;0.98899876;0.995136916
0.941635652;0.941642213;0.939993635;0.939163756;1;0.941018368;0.940272906;0.939564527;0.939560535;0.996323627;0.996306482;0.940531797;0.976749899;0.979178739;0.996344045;0.931953625;0.936633802;0.941642213;0.937563606;0.937569098;0.940321803;0.93933053;0.978111602;0.978102358;0.941233782;0.979324431;0.99633855;0.978328455;0.978003085;0.996316341;0.940009195;0.940323584;0.941471451;0.97831541;0.978260551;0.977691337;0.97957067;0.996323388;0.993427617;0.97673675;0.939191487;0.939191487;0.940296411;0.93756377;0.93869469;0.940666509;0.940282953;0.940016529;0.93756377;0.93876557;0.999988199;0.999988199;0.939720127;0.97970184;0.979722862;0.97970184;0.938259963;0.936031121;0.937574626;1;1;0.980658411;0.979203315;0.979151847;0.979203315;0.938961947;0.940007284;0.937589765;0.937176749;0.940002889;0.940318731;0.940288389;0.940809844;0.976139703;0.980481556;0.941377862;0.946229161;0.941361622;0.937213562;0.939962987;0.939893752;0.937589765;0.939324753;0.93752384;0.940271946;0.939584962;0.939562048;0.941642213;0.940220117;0.940338338
0.994361307;0.994367868;0.990904625;0.989787922;0.941018368;1;0.935514755;0.983624711;0.988498394;0.941305624;0.94128848;0.993257452;0.940892709;0.939132701;0.9413242;0.966635733;0.976920248;0.994367868;0.98926621;0.989271702;0.935841308;0.935371928;0.938710759;0.938701515;0.993827854;0.942894609;0.941277596;0.940269566;0.940786339;0.941272273;0.990892681;0.935489661;0.989309077;0.940256521;0.940277435;0.940510021;0.943132298;0.941292701;0.940807457;0.940884774;0.987007401;0.987007401;0.988112325;0.989266374;0.990397294;0.991822263;0.935891813;0.990900016;0.989266374;0.990799759;0.941006567;0.941006567;0.98841754;0.943273655;0.943315697;0.943273655;0.988422833;0.980014807;0.98927723;0.941018368;0.941018368;0.940781401;0.939157278;0.939181583;0.939157278;0.934218496;0.990890771;0.989292369;0.988870803;0.990886376;0.935484807;0.935909757;0.992715441;0.940915;0.940680319;0.989690633;0.942065355;0.989674393;0.988907616;0.990846473;0.988591165;0.989292369;0.987135814;0.932668486;0.935513796;0.987574681;0.988495788;0.994367868;0.998358419;0.993063992
0.936525977;0.936532538;0.935531296;0.934892516;0.940272906;0.935514755;1;0.934162347;0.935665587;0.940283294;0.940266149;0.935427614;0.940252472;0.937322191;0.94030187;0.926562344;0.932129281;0.936532538;0.932471895;0.932477386;0.994659126;0.989445071;0.938067993;0.938058748;0.936164094;0.9383803;0.940255266;0.939774073;0.940204668;0.940249943;0.935546856;0.999936677;0.936353106;0.939761029;0.939794588;0.93950787;0.938600889;0.940261799;0.940741215;0.940239323;0.933737773;0.933737773;0.934842698;0.932472058;0.933602978;0.935425693;0.994709631;0.93555419;0.932472058;0.937349334;0.940261105;0.940261105;0.934975318;0.938758872;0.938758872;0.938758872;0.933001842;0.930628941;0.932482914;0.940272906;0.940272906;0.939907659;0.937346768;0.937371073;0.937346768;0.933101077;0.935544945;0.932498054;0.932093587;0.93554055;0.999931823;0.994701485;0.935828855;0.94095155;0.939806577;0.937479505;0.957394512;0.937463265;0.9321304;0.935500648;0.935148943;0.932498054;0.933866186;0.996901195;0.999960812;0.934729411;0.93565642;0.936532538;0.934694804;0.935228662
0.986802644;0.986809206;0.985120172;0.983559349;0.939564527;0.983624711;0.934162347;1;0.985142009;0.939714565;0.939697421;0.98569879;0.939142865;0.93774594;0.939713727;0.96329272;0.973354958;0.986809206;0.983190209;0.9831957;0.933976496;0.933968892;0.937613618;0.937604374;0.985227654;0.940186126;0.939686537;0.939201255;0.939036495;0.939681214;0.985135732;0.934137252;0.986196287;0.939188211;0.939209125;0.938334342;0.939995665;0.939701642;0.939583808;0.93913493;0.985550403;0.985550403;0.986655328;0.983212085;0.984321292;0.986133104;0.934027001;0.985143066;0.983212085;0.981634524;0.939552726;0.939552726;0.988240368;0.939804215;0.939846257;0.939804215;0.991647538;0.996308647;0.983201229;0.939564527;0.939564527;0.939329744;0.937770517;0.937794822;0.937770517;0.933911013;0.985133821;0.983216368;0.983564308;0.985129426;0.934132399;0.934044945;0.98650537;0.939080792;0.939561468;0.986369235;0.940490252;0.986352995;0.983601121;0.985089524;0.988081186;0.983216368;0.985346009;0.931348223;0.934161387;0.987429453;0.985132842;0.986809206;0.98283555;0.985838136
0.990654505;0.990661067;0.991461408;0.989886744;0.939560535;0.988498394;0.935665587;0.985142009;1;0.939798338;0.939781193;0.9917605;0.939226732;0.937919415;0.9397975;0.967389342;0.976942387;0.990661067;0.987888306;0.987893798;0.935814886;0.935254918;0.937856275;0.93784703;0.994502126;0.940514716;0.93977031;0.939346491;0.939120361;0.939764987;0.991449465;0.935640493;0.991818022;0.939333446;0.93935436;0.938338974;0.940324255;0.939785415;0.939632034;0.939218797;0.987476373;0.987476373;0.986371449;0.987888469;0.98680954;0.990495775;0.93586539;0.991456799;0.987888469;0.989308117;0.939548734;0.939548734;0.991558377;0.940132805;0.940174847;0.940132805;0.987064102;0.981532105;0.987899326;0.939560535;0.939560535;0.939547598;0.937943992;0.937968297;0.937943992;0.932943199;0.991447554;0.987914465;0.988262406;0.991443159;0.935635639;0.935883334;0.990985537;0.939168352;0.939779322;0.99164509;0.942419245;0.991628851;0.988299218;0.991403257;0.991399196;0.987914465;0.98727198;0.93274431;0.935664628;0.988904978;0.999933878;0.990661067;0.987709233;0.991899846
0.941876922;0.941883483;0.940197401;0.939427028;0.996323627;0.941305624;0.940283294;0.939714565;0.939798338;1;0.999982855;0.940773067;0.976893226;0.979357011;0.99988559;0.932039039;0.936721029;0.941883483;0.937767372;0.937772864;0.940346295;0.939273539;0.977943739;0.977934495;0.941471585;0.97888968;0.999881229;0.977625306;0.978018537;0.999867593;0.940212961;0.940333972;0.941668168;0.977612261;0.977557402;0.977871226;0.979135919;0.999874639;0.99425187;0.976885291;0.939390241;0.939390241;0.940495166;0.937767536;0.938898456;0.940870275;0.940307445;0.940220295;0.937767536;0.938977767;0.996311826;0.996311826;0.939964858;0.97926709;0.979288111;0.97926709;0.938463729;0.936181159;0.937778392;0.996323627;0.996323627;0.980490548;0.979381588;0.979330119;0.979381588;0.93907983;0.94021105;0.937793531;0.937380515;0.940206655;0.940329119;0.940312881;0.941003228;0.976288244;0.980313693;0.941627614;0.946266715;0.941611374;0.937417328;0.940166753;0.940138483;0.937793531;0.939523507;0.937534228;0.940282334;0.939840975;0.939799851;0.941883483;0.940507373;0.940579607
0.941859777;0.941866338;0.940180257;0.939409884;0.996306482;0.94128848;0.940266149;0.939697421;0.939781193;0.999982855;1;0.940755923;0.976876082;0.979339866;0.999868445;0.932021895;0.936703885;0.941866338;0.937750228;0.937755719;0.94032915;0.939256395;0.977926595;0.97791735;0.941454441;0.978872536;0.999864085;0.977608161;0.978001392;0.999850448;0.940195816;0.940316828;0.941651023;0.977595116;0.977540257;0.977854081;0.979118775;0.999857495;0.994234726;0.976868147;0.939373097;0.939373097;0.940478021;0.937750391;0.938881311;0.940853131;0.9402903;0.94020315;0.937750391;0.938960623;0.996294681;0.996294681;0.939947713;0.979249945;0.979270966;0.979249945;0.938446585;0.936164014;0.937761247;0.996306482;0.996306482;0.980473404;0.979364443;0.979312975;0.979364443;0.939062686;0.940193905;0.937776387;0.93736337;0.940189511;0.940311974;0.940295736;0.940986083;0.9762711;0.980296549;0.94161047;0.94624957;0.94159423;0.937400183;0.940149608;0.940121338;0.937776387;0.939506363;0.937517083;0.94026519;0.93982383;0.939782707;0.941866338;0.940490229;0.940562463
0.998883023;0.998889584;0.995673944;0.99499757;0.940531797;0.993257452;0.935427614;0.98569879;0.9917605;0.940773067;0.940755923;1;0.94034994;0.938377342;0.940791643;0.968079688;0.976215438;0.998889584;0.993999688;0.994005179;0.935587593;0.935111949;0.938291333;0.938282088;0.989310373;0.942330354;0.940745039;0.939804249;0.940266957;0.940739716;0.995662001;0.935402519;0.990276893;0.939791204;0.939812118;0.939907598;0.942568043;0.940760144;0.94024212;0.940342005;0.988995377;0.988995377;0.987890452;0.993999851;0.992920922;0.996604944;0.935638097;0.995669335;0.993999851;0.98784117;0.940519996;0.940519996;0.992295582;0.942709399;0.942751442;0.942709399;0.99298295;0.982099814;0.994010707;0.940531797;0.940531797;0.94034653;0.938401919;0.938426224;0.938401919;0.933581397;0.99566009;0.994025847;0.99360428;0.995655696;0.935397666;0.935656041;0.988753787;0.940353241;0.940245448;0.990144753;0.941747039;0.990128513;0.993641093;0.995615793;0.992469207;0.994025847;0.98912379;0.932506337;0.935426654;0.990862373;0.991751333;0.998889584;0.992468291;0.999795557
0.941453795;0.941460356;0.940178839;0.939423442;0.976749899;0.940892709;0.940252472;0.939142865;0.939226732;0.976893226;0.976876082;0.94034994;1;0.986414773;0.976892388;0.929692154;0.936200901;0.941460356;0.937758335;0.937763826;0.939974907;0.93965688;0.987989562;0.987980317;0.94048919;0.985762076;0.976865198;0.988889285;0.998638745;0.976859875;0.940194399;0.94030315;0.941737466;0.98887624;0.988821381;0.990119253;0.986326355;0.976858609;0.977400935;0.999981637;0.939138894;0.939138894;0.940243819;0.937758498;0.938889418;0.940833033;0.939936057;0.940201733;0.937758498;0.937937827;0.976738098;0.976738098;0.939332581;0.986149672;0.986023544;0.986149672;0.938110229;0.935587602;0.937769355;0.976749899;0.976749899;0.988139345;0.98643935;0.986387882;0.98643935;0.937466614;0.940192488;0.937784494;0.937371478;0.940188093;0.940298297;0.939941493;0.940426513;0.99714049;0.988295297;0.940840967;0.946664342;0.940824727;0.93740829;0.940148191;0.9391734;0.937784494;0.938939354;0.937867728;0.940251512;0.939704069;0.939228245;0.941460356;0.940114142;0.940489287
0.939494319;0.939487758;0.938210536;0.937363908;0.979178739;0.939132701;0.937322191;0.93774594;0.937919415;0.979357011;0.979339866;0.938377342;0.986414773;1;0.97934305;0.929083026;0.934864993;0.939487758;0.935804925;0.935810416;0.936949057;0.936723964;0.986061706;0.986052461;0.939446003;0.983840384;0.979328983;0.985077293;0.985558764;0.97932366;0.938226095;0.93737287;0.939741497;0.985064248;0.985009389;0.986235183;0.984404664;0.979322393;0.978833289;0.986406838;0.9375967;0.9375967;0.938701624;0.935805088;0.936936008;0.93887541;0.936910207;0.938233429;0.935805088;0.936953497;0.979166937;0.979166937;0.93802152;0.984217794;0.984091667;0.984217794;0.936167438;0.934201606;0.935815944;0.979178739;0.979178739;0.988573563;0.999953567;0.999902099;0.999953567;0.935971054;0.938224184;0.935831084;0.935418067;0.93821979;0.937368016;0.936915643;0.939398279;0.9857542;0.988729515;0.939546291;0.943750716;0.939543173;0.93545488;0.938179887;0.937862339;0.935831084;0.93739716;0.934573126;0.937321232;0.937503642;0.937920929;0.939487758;0.938354134;0.938516688
0.941895497;0.941902059;0.940215977;0.939445604;0.996344045;0.9413242;0.94030187;0.939713727;0.9397975;0.99988559;0.999868445;0.940791643;0.976892388;0.97934305;1;0.932038201;0.936720191;0.941902059;0.937785948;0.93779144;0.940364871;0.939272701;0.977942901;0.977933657;0.941470747;0.978908256;0.99989194;0.977611345;0.978017699;0.999878304;0.940231536;0.940352548;0.94166733;0.977598301;0.977543442;0.977857265;0.979154495;0.999885351;0.994272288;0.976884453;0.939389403;0.939389403;0.940494328;0.937786111;0.938917031;0.940888851;0.940326021;0.94023887;0.937786111;0.938976929;0.996332244;0.996332244;0.93996402;0.979285665;0.979306687;0.979285665;0.938482305;0.936180321;0.937796968;0.996344045;0.996344045;0.980476588;0.979367627;0.979316159;0.979367627;0.939098406;0.940229626;0.937812107;0.937399091;0.940225231;0.940347695;0.940331457;0.94100239;0.976274284;0.980299733;0.941626776;0.946272168;0.941610536;0.937435903;0.940185328;0.940137645;0.937812107;0.939522669;0.937552804;0.94030091;0.939840137;0.939799013;0.941902059;0.940525949;0.940598183
0.966980916;0.966987477;0.966861227;0.965770224;0.931953625;0.966635733;0.926562344;0.96329272;0.967389342;0.932039039;0.932021895;0.968079688;0.929692154;0.929083026;0.932038201;1;0.959982334;0.966987477;0.965243085;0.965248576;0.926070947;0.92640376;0.928816701;0.928807457;0.967322507;0.931660058;0.932011011;0.930060674;0.9299539;0.932005688;0.966849284;0.926613023;0.965657734;0.93004763;0.929992771;0.929774077;0.931889198;0.932026116;0.930917658;0.929684219;0.967504134;0.967504134;0.966406432;0.965243248;0.964171541;0.967731514;0.926018515;0.966856618;0.965243248;0.966984556;0.931941824;0.931941824;0.967107193;0.932044136;0.932065157;0.932044136;0.965125254;0.959835812;0.965254105;0.931953625;0.931953625;0.93095842;0.929107603;0.929056135;0.929107603;0.93402859;0.966847373;0.965269244;0.964856228;0.966842978;0.926608169;0.926063623;0.967299209;0.929708502;0.930781565;0.966675085;0.933331353;0.966658845;0.96489304;0.966803076;0.967280818;0.965269244;0.967632547;0.923834709;0.926561385;0.966311082;0.967380175;0.966987477;0.965846571;0.967886228
0.977319293;0.977325854;0.976483178;0.975831866;0.936633802;0.976920248;0.932129281;0.973354958;0.976942387;0.936721029;0.936703885;0.976215438;0.936200901;0.934864993;0.936720191;0.959982334;1;0.977325854;0.97322823;0.973233721;0.932347048;0.931904389;0.934395713;0.934386468;0.977077039;0.938138635;0.936693001;0.935659529;0.936100684;0.936687678;0.976471235;0.932104186;0.977215785;0.935646484;0.935667398;0.935424366;0.937948173;0.936699534;0.936474725;0.936192966;0.975590758;0.975590758;0.976695682;0.973228393;0.974359313;0.97583663;0.932397553;0.976478569;0.973228393;0.973525349;0.936622001;0.936622001;0.974930574;0.937746537;0.937788579;0.937746537;0.973548214;0.969941763;0.973239249;0.936633802;0.936633802;0.936161901;0.93488957;0.934913874;0.93488957;0.929418888;0.976469324;0.973254388;0.973602329;0.97646493;0.932099333;0.932415497;0.977065384;0.93586847;0.936393625;0.977792042;0.940647748;0.977775802;0.973639142;0.976425027;0.974771392;0.973254388;0.975386364;0.929315157;0.932128321;0.97503273;0.97693322;0.977325854;0.976124526;0.976354785
0.999993439;1;0.994574511;0.993898137;0.941642213;0.994367868;0.936532538;0.986809206;0.990661067;0.941883483;0.941866338;0.998889584;0.941460356;0.939487758;0.941902059;0.966987477;0.977325854;1;0.992900255;0.992905746;0.936692517;0.936216873;0.939401749;0.939392504;0.990420789;0.94344077;0.941855455;0.940914665;0.941377372;0.941850132;0.994562568;0.936507444;0.991387309;0.94090162;0.940922534;0.941018014;0.943678459;0.94187056;0.941352536;0.941452421;0.987895944;0.987895944;0.989000868;0.992900418;0.994031338;0.995505511;0.936743022;0.994569902;0.992900418;0.986741737;0.941630412;0.941630412;0.991196149;0.943819815;0.943861858;0.943819815;0.991883517;0.98321023;0.992911274;0.941642213;0.941642213;0.941456946;0.939512335;0.93953664;0.939512335;0.934691813;0.994560657;0.992926413;0.992504847;0.994556262;0.93650259;0.936760966;0.989864203;0.941463657;0.941355864;0.991255169;0.942851964;0.991238929;0.99254166;0.99451636;0.991369774;0.992926413;0.988024357;0.933611261;0.936531579;0.98976294;0.9906519;1;0.993578707;0.998696124
0.992893693;0.992900255;0.995063483;0.991450212;0.937563606;0.98926621;0.932471895;0.983190209;0.987888306;0.937767372;0.937750228;0.993999688;0.937758335;0.935804925;0.937785948;0.965243085;0.97322823;0.992900255;1;0.999994509;0.932656949;0.932164926;0.93560298;0.935593735;0.9853709;0.939323444;0.937739345;0.937096677;0.937651965;0.937734021;0.995079043;0.9324468;0.987600208;0.937083632;0.937104546;0.936902846;0.93989394;0.93775445;0.937577294;0.9377504;0.986539792;0.986539792;0.985434868;0.999947846;0.998868917;0.996195606;0.932707454;0.995086377;0.999947846;0.983849289;0.937551805;0.937551805;0.989118321;0.93970249;0.939744532;0.93970249;0.991025066;0.979580305;0.999958702;0.937563606;0.937563606;0.937342024;0.935829502;0.935853807;0.935829502;0.930991743;0.995077132;0.999973841;0.999552275;0.995072737;0.932441947;0.932725398;0.985740028;0.937696881;0.937573749;0.987799286;0.938897505;0.987783046;0.999589088;0.995032835;0.988959139;0.999973841;0.986335399;0.929539902;0.932470935;0.988321431;0.987879139;0.992900255;0.988477049;0.994139034
0.992899185;0.992905746;0.995068975;0.991455703;0.937569098;0.989271702;0.932477386;0.9831957;0.987893798;0.937772864;0.937755719;0.994005179;0.937763826;0.935810416;0.93779144;0.965248576;0.973233721;0.992905746;0.999994509;1;0.93266244;0.932170417;0.935608471;0.935599227;0.985376391;0.939328936;0.937744836;0.937102168;0.937657456;0.937739513;0.995084534;0.932452292;0.987605699;0.937089123;0.937110037;0.936908337;0.939899431;0.937759941;0.937582786;0.937755891;0.986545284;0.986545284;0.985440359;0.999953337;0.998874408;0.996201097;0.932712945;0.995091868;0.999953337;0.98385478;0.937557297;0.937557297;0.989123812;0.939707981;0.939750024;0.939707981;0.991030557;0.979585797;0.999964194;0.937569098;0.937569098;0.937347516;0.935834993;0.935859298;0.935834993;0.930997234;0.995082624;0.999979333;0.999557766;0.995078229;0.932447438;0.932730889;0.98574552;0.937702373;0.93757924;0.987804777;0.938902997;0.987788538;0.999594579;0.995038326;0.988964631;0.999979333;0.98634089;0.929545394;0.932476427;0.988326922;0.987884631;0.992905746;0.988482541;0.994144526
0.936685956;0.936692517;0.935691744;0.935052161;0.940321803;0.935841308;0.994659126;0.933976496;0.935814886;0.940346295;0.94032915;0.935587593;0.939974907;0.936949057;0.940364871;0.926070947;0.932347048;0.936692517;0.932656949;0.93266244;1;0.98729082;0.937698577;0.937689332;0.936490648;0.937953291;0.940318267;0.939526213;0.939927103;0.940312944;0.935707304;0.99472245;0.936470957;0.939513169;0.939470954;0.938481436;0.93817388;0.940334507;0.939523756;0.939961758;0.933920929;0.933920929;0.935025854;0.932657112;0.933788032;0.935596822;0.999912534;0.935714638;0.932657112;0.937675888;0.940310002;0.940310002;0.935154255;0.938331863;0.938331863;0.938331863;0.932815992;0.930421234;0.932667969;0.940321803;0.940321803;0.939399635;0.936973634;0.936922166;0.936973634;0.931988085;0.935705393;0.932683108;0.932278642;0.935700999;0.994717596;0.999931551;0.936155408;0.939891165;0.93922278;0.937636708;0.956519381;0.937620468;0.932315454;0.935661096;0.935327879;0.932683108;0.934049342;0.991697683;0.994670812;0.934932118;0.935805718;0.936692517;0.935021357;0.935388642
0.936210312;0.936216873;0.935235761;0.934552586;0.93933053;0.935371928;0.989445071;0.933968892;0.935254918;0.939273539;0.939256395;0.935111949;0.93965688;0.936723964;0.939272701;0.92640376;0.931904389;0.936216873;0.932164926;0.932170417;0.98729082;1;0.937367002;0.937357758;0.935898849;0.937861701;0.939245511;0.939217087;0.939566515;0.939240188;0.93525132;0.989432621;0.93605913;0.939204043;0.939237602;0.938902997;0.93809084;0.939252044;0.939855786;0.939643731;0.933533048;0.933533048;0.934637973;0.932165089;0.933296009;0.935091676;0.987341324;0.935258655;0.932165089;0.937313543;0.939318729;0.939318729;0.934585294;0.938248823;0.938248823;0.938248823;0.932757004;0.930424558;0.932175946;0.93933053;0.93933053;0.939205083;0.936748541;0.936772846;0.936748541;0.932570174;0.93524941;0.932191085;0.931778068;0.935245015;0.989427768;0.987333179;0.935705566;0.940347689;0.939104001;0.937134834;0.957061042;0.937118594;0.931814881;0.935205112;0.934758919;0.932191085;0.933661461;0.986397139;0.989456756;0.934503032;0.935245751;0.936216873;0.934545415;0.934912997
0.939395187;0.939401749;0.938051499;0.937382987;0.978111602;0.938710759;0.938067993;0.937613618;0.937856275;0.977943739;0.977926595;0.938291333;0.987989562;0.986061706;0.977942901;0.928816701;0.934395713;0.939401749;0.93560298;0.935608471;0.937698577;0.937367002;1;0.999990755;0.939079088;0.983757597;0.977915712;0.985713271;0.987582668;0.977910389;0.938067059;0.938118671;0.939621185;0.985700227;0.985645368;0.984742955;0.984321876;0.977909122;0.97742648;0.987981627;0.937178998;0.937178998;0.938283923;0.935603143;0.936734063;0.938677678;0.937659727;0.938074393;0.935603143;0.936558264;0.978099801;0.978099801;0.937942515;0.984135007;0.984156028;0.984135007;0.935962208;0.934058356;0.935613999;0.978111602;0.978111602;0.995000227;0.986086283;0.986034815;0.986086283;0.935658689;0.938065148;0.935629139;0.935216122;0.938060754;0.938113818;0.937665163;0.938984805;0.985899758;0.995156179;0.939413466;0.944627799;0.939397226;0.935252935;0.938020851;0.937783334;0.935629139;0.936979458;0.935683249;0.938067033;0.937450769;0.937857788;0.939401749;0.937932193;0.938430679
0.939385943;0.939392504;0.938042255;0.937373742;0.978102358;0.938701515;0.938058748;0.937604374;0.93784703;0.977934495;0.97791735;0.938282088;0.987980317;0.986052461;0.977933657;0.928807457;0.934386468;0.939392504;0.935593735;0.935599227;0.937689332;0.937357758;0.999990755;1;0.939069843;0.983748353;0.977906467;0.985704027;0.987573424;0.977901144;0.938057814;0.938109426;0.93961194;0.985690982;0.985636123;0.984733711;0.984312632;0.977899877;0.977417236;0.987972382;0.937169754;0.937169754;0.938274678;0.935593898;0.936724818;0.938668433;0.937650483;0.938065148;0.935593898;0.93654902;0.978090557;0.978090557;0.93793327;0.984125762;0.984146783;0.984125762;0.935952963;0.934049111;0.935604755;0.978102358;0.978102358;0.994990983;0.986077038;0.98602557;0.986077038;0.935649445;0.938055904;0.935619894;0.935206878;0.938051509;0.938104573;0.937655919;0.93897556;0.985890514;0.995146934;0.939404221;0.944618555;0.939387981;0.93524369;0.938011606;0.937774089;0.935619894;0.936970213;0.935674004;0.938057789;0.937441524;0.937848544;0.939392504;0.937922948;0.938421434
0.990414228;0.990420789;0.986996139;0.985840843;0.941233782;0.993827854;0.936164094;0.985227654;0.994502126;0.941471585;0.941454441;0.989310373;0.94048919;0.939446003;0.941470747;0.967322507;0.977077039;0.990420789;0.9853709;0.985376391;0.936490648;0.935898849;0.939079088;0.939069843;1;0.942200892;0.941443557;0.940626965;0.94038282;0.941438234;0.986984196;0.936139;0.990564715;0.94061392;0.940634834;0.9401196;0.941677625;0.941458662;0.940951114;0.940481255;0.986818526;0.986818526;0.98792345;0.985371063;0.986501983;0.987926952;0.936541152;0.98699153;0.985371063;0.992458119;0.941221981;0.941221981;0.989132959;0.941818981;0.941861024;0.941818981;0.985272705;0.981617751;0.985381919;0.941233782;0.941233782;0.941149729;0.93947058;0.939494885;0.93947058;0.93451899;0.986982285;0.985397058;0.985744999;0.98697789;0.936134147;0.936559096;0.9957814;0.94051148;0.941048647;0.98959185;0.942538012;0.98957561;0.985781812;0.986937988;0.989306584;0.985397058;0.986946939;0.933317825;0.936163135;0.987336216;0.994492959;0.990420789;0.993045254;0.989116913
0.943434208;0.94344077;0.941800168;0.941005872;0.979324431;0.942894609;0.9383803;0.940186126;0.940514716;0.97888968;0.978872536;0.942330354;0.985762076;0.983840384;0.978908256;0.931660058;0.938138635;0.94344077;0.939323444;0.939328936;0.937953291;0.937861701;0.983757597;0.983748353;0.942200892;1;0.978861652;0.981826591;0.985031207;0.978856329;0.941815728;0.938430979;0.94301885;0.981813547;0.981758688;0.985050521;0.999372021;0.978855062;0.97816131;0.985754141;0.940607676;0.940607676;0.941712601;0.939323607;0.940454527;0.942426347;0.937914441;0.941823062;0.939323607;0.938964431;0.97931263;0.97931263;0.939815312;0.999517958;0.99939183;0.999517958;0.940854069;0.936619936;0.939334464;0.979324431;0.979324431;0.985300957;0.983864961;0.983813493;0.983864961;0.939123581;0.941813817;0.939349603;0.939697544;0.941809423;0.938426125;0.937919877;0.941832908;0.984347545;0.985124102;0.941348993;0.944433821;0.941332754;0.939734356;0.94176952;0.939988937;0.939349603;0.940740942;0.935631234;0.938379341;0.940868991;0.94051623;0.94344077;0.942096358;0.942136894
0.941848894;0.941855455;0.940169373;0.939399;0.99633855;0.941277596;0.940255266;0.939686537;0.93977031;0.999881229;0.999864085;0.940745039;0.976865198;0.979328983;0.99989194;0.932011011;0.936693001;0.941855455;0.937739345;0.937744836;0.940318267;0.939245511;0.977915712;0.977906467;0.941443557;0.978861652;1;0.97760585;0.977990509;0.999949862;0.940184933;0.940305944;0.94164014;0.977592806;0.977537947;0.977843198;0.979107892;0.999956909;0.994258221;0.976857264;0.939362213;0.939362213;0.940467138;0.937739508;0.938870428;0.940842247;0.940279417;0.940192267;0.937739508;0.93894974;0.996326749;0.996326749;0.93993683;0.979239062;0.979260083;0.979239062;0.938435701;0.936153131;0.937750364;0.99633855;0.99633855;0.98046252;0.97935356;0.979302092;0.97935356;0.939071159;0.940183022;0.937765503;0.937352487;0.940178627;0.940301091;0.940284853;0.9409752;0.976260216;0.980285666;0.941599586;0.946238687;0.941583347;0.9373893;0.940138725;0.940110455;0.937765503;0.93949548;0.9375062;0.940254307;0.939812947;0.939771824;0.941855455;0.940479345;0.940551579
0.940908103;0.940914665;0.939480258;0.938773479;0.978328455;0.940269566;0.939774073;0.939201255;0.939346491;0.977625306;0.977608161;0.939804249;0.988889285;0.985077293;0.977611345;0.930060674;0.935659529;0.940914665;0.937096677;0.937102168;0.939526213;0.939217087;0.985713271;0.985704027;0.940626965;0.981826591;0.97760585;1;0.988400222;0.977591955;0.939495817;0.939824752;0.941214815;0.999986955;0.999901028;0.986288833;0.98239087;0.977590688;0.978397997;0.988876136;0.938479675;0.938479675;0.9395846;0.93709684;0.93822776;0.940134452;0.939487363;0.939503151;0.93709684;0.938247448;0.978316654;0.978316654;0.939405709;0.982214187;0.98208806;0.982214187;0.937455285;0.935656921;0.937107696;0.978328455;0.978328455;0.988092844;0.98510187;0.985050401;0.98510187;0.936936041;0.939493907;0.937122835;0.936709819;0.939489512;0.939819898;0.939492799;0.940595009;0.988593248;0.988248795;0.940936193;0.946209591;0.940919954;0.936746632;0.939449609;0.939246527;0.937122835;0.938280135;0.93738933;0.939773114;0.938970982;0.939348004;0.940914665;0.939490999;0.939943595
0.941370811;0.941377372;0.940072469;0.939341662;0.978003085;0.940786339;0.940204668;0.939036495;0.939120361;0.978018537;0.978001392;0.940266957;0.998638745;0.985558764;0.978017699;0.9299539;0.936100684;0.941377372;0.937651965;0.937657456;0.939927103;0.939566515;0.987582668;0.987573424;0.94038282;0.985031207;0.977990509;0.988400222;1;0.977985186;0.940088029;0.940255347;0.94162342;0.988387177;0.988332318;0.989649939;0.985595486;0.977983919;0.977328809;0.99863081;0.939026053;0.939026053;0.940130977;0.937652128;0.938783048;0.940726663;0.939888253;0.940095363;0.937652128;0.937831457;0.977991284;0.977991284;0.93921974;0.985418803;0.985292675;0.985418803;0.938003859;0.935481232;0.937662984;0.978003085;0.978003085;0.987732452;0.985583341;0.985531873;0.985583341;0.937732788;0.940086118;0.937678123;0.937265107;0.940081723;0.940250493;0.939893689;0.940284965;0.995789662;0.987888403;0.940750127;0.946640605;0.940733888;0.93730192;0.940041821;0.939060558;0.937678123;0.938826513;0.937819925;0.940203709;0.939591228;0.939121875;0.941377372;0.940007772;0.940406303
0.941843571;0.941850132;0.94016405;0.939393677;0.996316341;0.941272273;0.940249943;0.939681214;0.939764987;0.999867593;0.999850448;0.940739716;0.976859875;0.97932366;0.999878304;0.932005688;0.936687678;0.941850132;0.937734021;0.937739513;0.940312944;0.939240188;0.977910389;0.977901144;0.941438234;0.978856329;0.999949862;0.977591955;0.977985186;1;0.94017961;0.940300621;0.941634817;0.97757891;0.977524051;0.977837875;0.979102568;0.999943273;0.994244585;0.97685194;0.93935689;0.93935689;0.940461815;0.937734185;0.938865105;0.940836924;0.940274094;0.940186944;0.937734185;0.938944417;0.99630454;0.99630454;0.939931507;0.979233739;0.97925476;0.979233739;0.938430378;0.936147808;0.937745041;0.996316341;0.996316341;0.980457197;0.979348237;0.979296769;0.979348237;0.939046479;0.940177699;0.93776018;0.937347164;0.940173304;0.940295768;0.94027953;0.940969877;0.976254893;0.980280342;0.941594263;0.946233364;0.941578023;0.937383977;0.940133402;0.940105132;0.93776018;0.939490156;0.937500877;0.940248984;0.939807624;0.939766501;0.941850132;0.940474022;0.940546256
0.994556007;0.994562568;0.999969772;0.995834813;0.940009195;0.990892681;0.935546856;0.985135732;0.991449465;0.940212961;0.940195816;0.995662001;0.940194399;0.938226095;0.940231536;0.966849284;0.976471235;0.994562568;0.995079043;0.995084534;0.935707304;0.93525132;0.938067059;0.938057814;0.986984196;0.941815728;0.940184933;0.939495817;0.940088029;0.94017961;1;0.935521761;0.989741683;0.939482773;0.939503686;0.939355034;0.942386224;0.940200038;0.940044244;0.940186464;0.98830586;0.98830586;0.987200936;0.995100919;0.994000277;0.998764748;0.935757809;0.999992666;0.995100919;0.985462398;0.939997393;0.939997393;0.990670003;0.942194774;0.942236816;0.942194774;0.993007553;0.981525828;0.995090062;0.940009195;0.940009195;0.939747819;0.938250672;0.938274977;0.938250672;0.933156359;0.999983421;0.995105201;0.994683635;0.999979026;0.935516908;0.935775753;0.987353138;0.940096022;0.939979544;0.99128966;0.942446693;0.991273421;0.994720448;0.999939124;0.990510822;0.995105201;0.988101467;0.932582717;0.935545896;0.990721397;0.991440297;0.994562568;0.99010352;0.995801347
0.936500882;0.936507444;0.935506202;0.934867421;0.940323584;0.935489661;0.999936677;0.934137252;0.935640493;0.940333972;0.940316828;0.935402519;0.94030315;0.93737287;0.940352548;0.926613023;0.932104186;0.936507444;0.9324468;0.932452292;0.99472245;0.989432621;0.938118671;0.938109426;0.936139;0.938430979;0.940305944;0.939824752;0.940255347;0.940300621;0.935521761;1;0.936328012;0.939811707;0.939769493;0.939558548;0.938651568;0.940312477;0.940791893;0.940290002;0.933712679;0.933712679;0.934817603;0.932446964;0.933577884;0.935400599;0.994697181;0.935529095;0.932446964;0.93732424;0.940311783;0.940311783;0.934950224;0.93880955;0.93880955;0.93880955;0.932976748;0.930603846;0.93245782;0.940323584;0.940323584;0.939958337;0.937397447;0.937345979;0.937397447;0.933151755;0.935519851;0.932472959;0.932068493;0.935515456;0.999995147;0.994689036;0.93580376;0.941002229;0.939781482;0.93745441;0.957445191;0.93743817;0.932105306;0.935475553;0.935123848;0.932472959;0.933841091;0.996964518;0.999948362;0.934704317;0.935631326;0.936507444;0.93466971;0.935203568
0.991380747;0.991387309;0.989726124;0.987444194;0.941471451;0.989309077;0.936353106;0.986196287;0.991818022;0.941668168;0.941651023;0.990276893;0.941737466;0.939741497;0.94166733;0.965657734;0.977215785;0.991387309;0.987600208;0.987605699;0.936470957;0.93605913;0.939621185;0.93961194;0.990564715;0.94301885;0.94164014;0.941214815;0.94162342;0.941634817;0.989741683;0.936328012;1;0.941201771;0.941222685;0.940719915;0.942828388;0.941655245;0.941549046;0.941729531;0.986828962;0.986828962;0.987933886;0.987600371;0.988731291;0.990205464;0.936521461;0.989749017;0.987600371;0.988050803;0.94145965;0.94145965;0.989416836;0.942636938;0.942678981;0.942636938;0.986941582;0.982586384;0.987611227;0.941471451;0.941471451;0.941343716;0.939766074;0.939790378;0.939766074;0.934339257;0.989739772;0.987626366;0.987974307;0.989735378;0.936323158;0.936539405;0.991941789;0.941460048;0.94157544;0.993112528;0.942236978;0.993096288;0.98801112;0.989695475;0.989257654;0.987626366;0.986624568;0.933431829;0.936352147;0.988752864;0.991808855;0.991387309;0.988519916;0.990416239
0.940895059;0.94090162;0.939467213;0.938760434;0.97831541;0.940256521;0.939761029;0.939188211;0.939333446;0.977612261;0.977595116;0.939791204;0.98887624;0.985064248;0.977598301;0.93004763;0.935646484;0.94090162;0.937083632;0.937089123;0.939513169;0.939204043;0.985700227;0.985690982;0.94061392;0.981813547;0.977592806;0.999986955;0.988387177;0.97757891;0.939482773;0.939811707;0.941201771;1;0.999887983;0.986275788;0.982377826;0.977577643;0.978384952;0.988863092;0.938466631;0.938466631;0.939571555;0.937083795;0.938214715;0.940121407;0.939474319;0.939490107;0.937083795;0.938234404;0.978303609;0.978303609;0.939392664;0.982201142;0.982075015;0.982201142;0.93744224;0.935643876;0.937094651;0.97831541;0.97831541;0.988079799;0.985088825;0.985037357;0.985088825;0.936922997;0.939480862;0.937109791;0.936696774;0.939476467;0.939806854;0.939479755;0.940581964;0.988580203;0.98823575;0.940923149;0.946196546;0.940906909;0.936733587;0.939436565;0.939233483;0.937109791;0.938267091;0.937376285;0.939760069;0.938957937;0.93933496;0.94090162;0.939477954;0.93993055
0.940915972;0.940922534;0.939488127;0.938781348;0.978260551;0.940277435;0.939794588;0.939209125;0.93935436;0.977557402;0.977540257;0.939812118;0.988821381;0.985009389;0.977543442;0.929992771;0.935667398;0.940922534;0.937104546;0.937110037;0.939470954;0.939237602;0.985645368;0.985636123;0.940634834;0.981758688;0.977537947;0.999901028;0.988332318;0.977524051;0.939503686;0.939769493;0.941222685;0.999887983;1;0.986220929;0.982322967;0.977522784;0.978330093;0.988808233;0.938487545;0.938487545;0.939592469;0.937104709;0.938235629;0.940142321;0.939507877;0.939511021;0.937104709;0.938255318;0.97824875;0.97824875;0.939413578;0.982146283;0.982020156;0.982146283;0.937463154;0.93566479;0.937115565;0.978260551;0.978260551;0.98802494;0.985033966;0.985058271;0.985033966;0.936898416;0.939501776;0.937130704;0.936717688;0.939497381;0.93976464;0.939513314;0.940602878;0.988525344;0.988256664;0.940944063;0.946155791;0.940927823;0.936754501;0.939457478;0.939254396;0.937130704;0.938288004;0.937344786;0.939793628;0.938978851;0.939355873;0.940922534;0.939498868;0.939951464
0.941011452;0.941018014;0.939339475;0.938499734;0.977691337;0.940510021;0.93950787;0.938334342;0.938338974;0.977871226;0.977854081;0.939907598;0.990119253;0.986235183;0.977857265;0.929774077;0.935424366;0.941018014;0.936902846;0.936908337;0.938481436;0.938902997;0.984742955;0.984733711;0.9401196;0.985050521;0.977843198;0.986288833;0.989649939;0.977837875;0.939355034;0.939558548;0.940719915;0.986275788;0.986220929;1;0.985281994;0.977836608;0.978351683;0.990111318;0.938860152;0.938860152;0.939965077;0.936903009;0.938033929;0.939984388;0.938442586;0.939362368;0.936903009;0.937672494;0.977679536;0.977679536;0.938435024;0.98542793;0.985301803;0.98542793;0.937593766;0.93477908;0.936913866;0.977691337;0.977691337;0.987362901;0.98625976;0.986208292;0.98625976;0.937759607;0.939353124;0.936929005;0.936515989;0.939348729;0.939553695;0.938448022;0.939752089;0.991524056;0.987186046;0.939992689;0.945615315;0.939976449;0.936552801;0.939308826;0.938608648;0.936929005;0.938993419;0.936758804;0.93950691;0.939260613;0.938340488;0.941018014;0.939731454;0.939714138
0.943671898;0.943678459;0.942370664;0.941576368;0.97957067;0.943132298;0.938600889;0.939995665;0.940324255;0.979135919;0.979118775;0.942568043;0.986326355;0.984404664;0.979154495;0.931889198;0.937948173;0.943678459;0.93989394;0.939899431;0.93817388;0.93809084;0.984321876;0.984312632;0.941677625;0.999372021;0.979107892;0.98239087;0.985595486;0.979102568;0.942386224;0.938651568;0.942828388;0.982377826;0.982322967;0.985281994;1;0.979101302;0.978740356;0.98631842;0.941178172;0.941178172;0.942283096;0.939894103;0.941025023;0.942996843;0.93813503;0.942393558;0.939894103;0.939202121;0.979558869;0.979558869;0.940385808;0.99974943;0.999623303;0.99974943;0.940330801;0.936429474;0.939904959;0.97957067;0.97957067;0.985532429;0.98442924;0.984377772;0.98442924;0.938933119;0.942384313;0.939920098;0.939507082;0.942379918;0.938646714;0.938140467;0.941642446;0.984911824;0.985688381;0.941919489;0.945004553;0.941903249;0.939543895;0.942340016;0.940226626;0.939920098;0.940978632;0.935851823;0.93859993;0.94110668;0.940325769;0.943678459;0.942334048;0.94270739
